#  wavefront obj file written by the visualization toolkit

mtllib SciFi_6trk_obj.mtl

v -35000 -50000 -205000
v -35000 -50000 205000
v -35000 50000 205000
v -35000 50000 -205000
v 35000 -50000 -205000
v 35000 50000 -205000
v 35000 50000 205000
v 35000 -50000 205000

g grp1
usemtl mtl1
f 2 4 1 
f 6 8 5 
f 5 2 1 
f 3 6 4 
f 4 5 1 
f 8 3 2 
f 4 2 3 
f 8 6 7 
f 2 5 8 
f 6 3 7 
f 5 4 6 
f 3 8 7 
v 0 -750.1142578125 7499.82568359375
v 0 -750.1142578125 7480
v 0 750.1142578125 7480
v 0 750.1142578125 7500.17431640625
v 0 0 7480
v 0 0 7520
v 0 -750.1142578125 7520
v 0 750.1142578125 7520
vn -0.2459408938884735 -0.9386237859725952 -0.24186432361602783
vn -0.1451202630996704 -0.6984071135520935 -0.7008334398269653
vn 0.004077487625181675 0.7050590515136719 -0.7091369032859802
vn 0.2459408938884735 0.9386237859725952 0.24186432361602783
vn -0.23977993428707123 -0.23155276477336884 -0.942808985710144
vn 0.23977993428707123 0.23155276477336884 0.942808985710144
vn -0.004077487625181675 -0.7050590515136719 0.7091369032859802
vn 0.1451202630996704 0.6984071135520935 0.7008334398269653

g grp9
usemtl mtl9
l 9 10 
l 11 12 
l 10 13 
l 14 15 
l 15 9 
l 12 16 
l 13 11 
l 16 14 
v -1500.228515625 0 7480
v -1500.228515625 0 7500.6982421875
v 1500.228515625 -1.1368683772161603e-13 7499.3017578125
v 1500.228515625 -1.1368683772161603e-13 7480
v 0 0 7480
v -1500.228515625 0 7520
v 0 0 7520
v 1500.228515625 -1.1368683772161603e-13 7520
vn -0.7011354565620422 -0.14304491877555847 -0.698532223701477
vn -0.9466332197189331 -0.24374507367610931 -0.2108885943889618
vn 0.9466332197189331 0.24374507367610931 0.2108885943889618
vn 0.7153648734092712 0.020411865785717964 -0.6984529495239258
vn -0.23977993428707123 -0.23155276477336884 -0.942808985710144
vn -0.7153648734092712 -0.020411865785717964 0.6984529495239258
vn 0.23977993428707123 0.23155276477336884 0.942808985710144
vn 0.7011354565620422 0.14304491877555847 0.698532223701477

g grp17
usemtl mtl17
l 17 18 
l 19 20 
l 21 17 
l 22 23 
l 18 22 
l 24 19 
l 20 21 
l 23 24 

g grp25
usemtl mtl25
v -1512.86083984375 -723.7071533203125 7480
v -1512.86083984375 -723.7071533203125 7520
v -1486.6822509765625 776.0643920898438 7520
v -1486.6822509765625 776.0643920898438 7480
v 1486.6822509765625 -776.0643920898438 7480
v 1512.86083984375 723.7071533203125 7480
v 1512.86083984375 723.7071533203125 7520
v 1486.6822509765625 -776.0643920898438 7520
vn -0.5873385071754456 -0.5671862363815308 -0.5773503184318542
vn -0.6782000660896301 -0.6549302339553833 0.3333333432674408
vn -0.32164764404296875 0.6723825931549072 0.6666666865348816
vn -0.6607477068901062 0.34491750597953796 -0.6666666865348816
vn 0.32164764404296875 -0.6723825931549072 -0.6666666865348816
vn 0.6782000660896301 0.6549302339553833 -0.3333333432674408
vn 0.5873385071754456 0.5671862363815308 0.5773503184318542
vn 0.6607477068901062 -0.34491750597953796 0.6666666865348816

g grp25
usemtl mtl25
f 26//26 28//28 25//25 
f 30//30 32//32 29//29 
f 29//29 26//26 25//25 
f 27//27 30//30 28//28 
f 28//28 29//29 25//25 
f 32//32 27//27 26//26 
f 28//28 26//26 27//27 
f 32//32 30//30 31//31 
f 26//26 29//29 32//32 
f 30//30 27//27 31//31 
f 29//29 28//28 30//30 
f 27//27 32//32 31//31 
v 0 -500 7600
v 0 -500 7580
v 0 500 7580
v 0 500 7600
v 0 0 7580
v 0 0 7620
v 0 -500 7620
v 0 500 7620
vn -0.235702246427536 -0.942808985710144 -0.235702246427536
vn -0.1373855024576187 -0.7004017233848572 -0.7004017233848572
vn 0 0.7071067690849304 -0.7071067690849304
vn 0.235702246427536 0.942808985710144 0.235702246427536
vn -0.235702246427536 -0.235702246427536 -0.942808985710144
vn 0.235702246427536 0.235702246427536 0.942808985710144
vn 0 -0.7071067690849304 0.7071067690849304
vn 0.1373855024576187 0.7004017233848572 0.7004017233848572

g grp33
usemtl mtl33
l 33 34 
l 35 36 
l 34 37 
l 38 39 
l 39 33 
l 36 40 
l 37 35 
l 40 38 
v -1850 0 7580
v -1850 0 7600
v 1850 0 7600
v 1850 0 7580
v 0 0 7580
v -1850 0 7620
v 0 0 7620
v 1850 0 7620
vn -0.7004017233848572 -0.1373855024576187 -0.7004017233848572
vn -0.942808985710144 -0.235702246427536 -0.235702246427536
vn 0.942808985710144 0.235702246427536 0.235702246427536
vn 0.7071067690849304 0 -0.7071067690849304
vn -0.235702246427536 -0.235702246427536 -0.942808985710144
vn -0.7071067690849304 0 0.7071067690849304
vn 0.235702246427536 0.235702246427536 0.942808985710144
vn 0.7004017233848572 0.1373855024576187 0.7004017233848572

g grp41
usemtl mtl41
l 41 42 
l 43 44 
l 45 41 
l 46 47 
l 42 46 
l 48 43 
l 44 45 
l 47 48 

g grp49
usemtl mtl49
v -1850 -500 7580
v -1850 -500 7620
v -1850 500 7620
v -1850 500 7580
v 1850 -500 7580
v 1850 500 7580
v 1850 500 7620
v 1850 -500 7620
vn -0.5773503184318542 -0.5773503184318542 -0.5773503184318542
vn -0.6666666865348816 -0.6666666865348816 0.3333333432674408
vn -0.3333333432674408 0.6666666865348816 0.6666666865348816
vn -0.6666666865348816 0.3333333432674408 -0.6666666865348816
vn 0.3333333432674408 -0.6666666865348816 -0.6666666865348816
vn 0.6666666865348816 0.6666666865348816 -0.3333333432674408
vn 0.5773503184318542 0.5773503184318542 0.5773503184318542
vn 0.6666666865348816 -0.3333333432674408 0.6666666865348816

g grp49
usemtl mtl49
f 50//50 52//52 49//49 
f 54//54 56//56 53//53 
f 53//53 50//50 49//49 
f 51//51 54//54 52//52 
f 52//52 53//53 49//49 
f 56//56 51//51 50//50 
f 52//52 50//50 51//51 
f 56//56 54//54 55//55 
f 50//50 53//53 56//56 
f 54//54 51//51 55//55 
f 53//53 52//52 54//54 
f 51//51 56//56 55//55 
v 0 -750.1142578125 8000.17431640625
v 0 -750.1142578125 7980
v 0 750.1142578125 7980
v 0 750.1142578125 7999.82568359375
v 0 0 7980
v 0 0 8020
v 0 -750.1142578125 8020
v 0 750.1142578125 8020
vn -0.22537386417388916 -0.9468506574630737 -0.2295222133398056
vn -0.12962141633033752 -0.7023249268531799 -0.6999557018280029
vn -0.004149287939071655 0.7091724276542664 -0.7050228714942932
vn 0.22537386417388916 0.9468506574630737 0.2295222133398056
vn -0.23155276477336884 -0.23977993428707123 -0.942808985710144
vn 0.23155276477336884 0.23977993428707123 0.942808985710144
vn 0.004149287939071655 -0.7091724276542664 0.7050228714942932
vn 0.12962141633033752 0.7023249268531799 0.6999557018280029

g grp57
usemtl mtl57
l 57 58 
l 59 60 
l 58 61 
l 62 63 
l 63 57 
l 60 64 
l 61 59 
l 64 62 
v -1500.228515625 -1.1368683772161603e-13 7980
v -1500.228515625 -1.1368683772161603e-13 7999.3017578125
v 1500.228515625 0 8000.6982421875
v 1500.228515625 0 7980
v 0 0 7980
v -1500.228515625 -1.1368683772161603e-13 8020
v 0 0 8020
v 1500.228515625 0 8020
vn -0.6998507380485535 -0.13170066475868225 -0.7020426988601685
vn -0.9384110569953918 -0.2273007184267044 -0.2602289319038391
vn 0.9384110569953918 0.2273007184267044 0.2602289319038391
vn 0.6989206671714783 -0.020698901265859604 -0.7148997187614441
vn -0.23155276477336884 -0.23977993428707123 -0.942808985710144
vn -0.6989206671714783 0.020698901265859604 0.7148997187614441
vn 0.23155276477336884 0.23977993428707123 0.942808985710144
vn 0.6998507380485535 0.13170066475868225 0.7020426988601685

g grp65
usemtl mtl65
l 65 66 
l 67 68 
l 69 65 
l 70 71 
l 66 70 
l 72 67 
l 68 69 
l 71 72 

g grp73
usemtl mtl73
v -1486.6822509765625 -776.0643920898438 7980
v -1486.6822509765625 -776.0643920898438 8020
v -1512.86083984375 723.7071533203125 8020
v -1512.86083984375 723.7071533203125 7980
v 1512.86083984375 -723.7071533203125 7980
v 1486.6822509765625 776.0643920898438 7980
v 1486.6822509765625 776.0643920898438 8020
v 1512.86083984375 -723.7071533203125 8020
vn -0.5671862363815308 -0.5873385071754456 -0.5773503184318542
vn -0.6549302339553833 -0.6782000660896301 0.3333333432674408
vn -0.34491750597953796 0.6607477068901062 0.6666666865348816
vn -0.6723825931549072 0.32164764404296875 -0.6666666865348816
vn 0.34491750597953796 -0.6607477068901062 -0.6666666865348816
vn 0.6549302339553833 0.6782000660896301 -0.3333333432674408
vn 0.5671862363815308 0.5873385071754456 0.5773503184318542
vn 0.6723825931549072 -0.32164764404296875 0.6666666865348816

g grp73
usemtl mtl73
f 74//74 76//76 73//73 
f 78//78 80//80 77//77 
f 77//77 74//74 73//73 
f 75//75 78//78 76//76 
f 76//76 77//77 73//73 
f 80//80 75//75 74//74 
f 76//76 74//74 75//75 
f 80//80 78//78 79//79 
f 74//74 77//77 80//80 
f 78//78 75//75 79//79 
f 77//77 76//76 78//78 
f 75//75 80//80 79//79 
v 0 -500 8100
v 0 -500 8080
v 0 500 8080
v 0 500 8100
v 0 0 8080
v 0 0 8120
v 0 -500 8120
v 0 500 8120
vn -0.235702246427536 -0.942808985710144 -0.235702246427536
vn -0.1373855024576187 -0.7004017233848572 -0.7004017233848572
vn 0 0.7071067690849304 -0.7071067690849304
vn 0.235702246427536 0.942808985710144 0.235702246427536
vn -0.235702246427536 -0.235702246427536 -0.942808985710144
vn 0.235702246427536 0.235702246427536 0.942808985710144
vn 0 -0.7071067690849304 0.7071067690849304
vn 0.1373855024576187 0.7004017233848572 0.7004017233848572

g grp81
usemtl mtl81
l 81 82 
l 83 84 
l 82 85 
l 86 87 
l 87 81 
l 84 88 
l 85 83 
l 88 86 
v -1850 0 8080
v -1850 0 8100
v 1850 0 8100
v 1850 0 8080
v 0 0 8080
v -1850 0 8120
v 0 0 8120
v 1850 0 8120
vn -0.7004017233848572 -0.1373855024576187 -0.7004017233848572
vn -0.942808985710144 -0.235702246427536 -0.235702246427536
vn 0.942808985710144 0.235702246427536 0.235702246427536
vn 0.7071067690849304 0 -0.7071067690849304
vn -0.235702246427536 -0.235702246427536 -0.942808985710144
vn -0.7071067690849304 0 0.7071067690849304
vn 0.235702246427536 0.235702246427536 0.942808985710144
vn 0.7004017233848572 0.1373855024576187 0.7004017233848572

g grp89
usemtl mtl89
l 89 90 
l 91 92 
l 93 89 
l 94 95 
l 90 94 
l 96 91 
l 92 93 
l 95 96 

g grp97
usemtl mtl97
v -1850 -500 8080
v -1850 -500 8120
v -1850 500 8120
v -1850 500 8080
v 1850 -500 8080
v 1850 500 8080
v 1850 500 8120
v 1850 -500 8120
vn -0.5773503184318542 -0.5773503184318542 -0.5773503184318542
vn -0.6666666865348816 -0.6666666865348816 0.3333333432674408
vn -0.3333333432674408 0.6666666865348816 0.6666666865348816
vn -0.6666666865348816 0.3333333432674408 -0.6666666865348816
vn 0.3333333432674408 -0.6666666865348816 -0.6666666865348816
vn 0.6666666865348816 0.6666666865348816 -0.3333333432674408
vn 0.5773503184318542 0.5773503184318542 0.5773503184318542
vn 0.6666666865348816 -0.3333333432674408 0.6666666865348816

g grp97
usemtl mtl97
f 98//98 100//100 97//97 
f 102//102 104//104 101//101 
f 101//101 98//98 97//97 
f 99//99 102//102 100//100 
f 100//100 101//101 97//97 
f 104//104 99//99 98//98 
f 100//100 98//98 99//99 
f 104//104 102//102 103//103 
f 98//98 101//101 104//104 
f 102//102 99//99 103//103 
f 101//101 100//100 102//102 
f 99//99 104//104 103//103 
v 0 -750.1142578125 8499.8251953125
v 0 -750.1142578125 8480
v 0 750.1142578125 8480
v 0 750.1142578125 8500.1748046875
v 0 0 8480
v 0 0 8520
v 0 -750.1142578125 8520
v 0 750.1142578125 8520
vn -0.2459408938884735 -0.9386237859725952 -0.24186432361602783
vn -0.1451202630996704 -0.6984071135520935 -0.7008334398269653
vn 0.004077487625181675 0.7050590515136719 -0.7091369032859802
vn 0.2459408938884735 0.9386237859725952 0.24186432361602783
vn -0.23977993428707123 -0.23155276477336884 -0.942808985710144
vn 0.23977993428707123 0.23155276477336884 0.942808985710144
vn -0.004077487625181675 -0.7050590515136719 0.7091369032859802
vn 0.1451202630996704 0.6984071135520935 0.7008334398269653

g grp105
usemtl mtl105
l 105 106 
l 107 108 
l 106 109 
l 110 111 
l 111 105 
l 108 112 
l 109 107 
l 112 110 
v -1500.228515625 0 8480
v -1500.228515625 0 8500.6982421875
v 1500.228515625 -1.1368683772161603e-13 8499.3017578125
v 1500.228515625 -1.1368683772161603e-13 8480
v 0 0 8480
v -1500.228515625 0 8520
v 0 0 8520
v 1500.228515625 -1.1368683772161603e-13 8520
vn -0.7011354565620422 -0.14304491877555847 -0.698532223701477
vn -0.9466332197189331 -0.24374507367610931 -0.2108885943889618
vn 0.9466332197189331 0.24374507367610931 0.2108885943889618
vn 0.7153648734092712 0.020411865785717964 -0.6984529495239258
vn -0.23977993428707123 -0.23155276477336884 -0.942808985710144
vn -0.7153648734092712 -0.020411865785717964 0.6984529495239258
vn 0.23977993428707123 0.23155276477336884 0.942808985710144
vn 0.7011354565620422 0.14304491877555847 0.698532223701477

g grp113
usemtl mtl113
l 113 114 
l 115 116 
l 117 113 
l 118 119 
l 114 118 
l 120 115 
l 116 117 
l 119 120 

g grp121
usemtl mtl121
v -1512.86083984375 -723.7071533203125 8480
v -1512.86083984375 -723.7071533203125 8520
v -1486.6822509765625 776.0643920898438 8520
v -1486.6822509765625 776.0643920898438 8480
v 1486.6822509765625 -776.0643920898438 8480
v 1512.86083984375 723.7071533203125 8480
v 1512.86083984375 723.7071533203125 8520
v 1486.6822509765625 -776.0643920898438 8520
vn -0.5873385071754456 -0.5671862363815308 -0.5773503184318542
vn -0.6782000660896301 -0.6549302339553833 0.3333333432674408
vn -0.32164764404296875 0.6723825931549072 0.6666666865348816
vn -0.6607477068901062 0.34491750597953796 -0.6666666865348816
vn 0.32164764404296875 -0.6723825931549072 -0.6666666865348816
vn 0.6782000660896301 0.6549302339553833 -0.3333333432674408
vn 0.5873385071754456 0.5671862363815308 0.5773503184318542
vn 0.6607477068901062 -0.34491750597953796 0.6666666865348816

g grp121
usemtl mtl121
f 122//122 124//124 121//121 
f 126//126 128//128 125//125 
f 125//125 122//122 121//121 
f 123//123 126//126 124//124 
f 124//124 125//125 121//121 
f 128//128 123//123 122//122 
f 124//124 122//122 123//123 
f 128//128 126//126 127//127 
f 122//122 125//125 128//128 
f 126//126 123//123 127//127 
f 125//125 124//124 126//126 
f 123//123 128//128 127//127 
v 0 -500 8600
v 0 -500 8580
v 0 500 8580
v 0 500 8600
v 0 0 8580
v 0 0 8620
v 0 -500 8620
v 0 500 8620
vn -0.235702246427536 -0.942808985710144 -0.235702246427536
vn -0.1373855024576187 -0.7004017233848572 -0.7004017233848572
vn 0 0.7071067690849304 -0.7071067690849304
vn 0.235702246427536 0.942808985710144 0.235702246427536
vn -0.235702246427536 -0.235702246427536 -0.942808985710144
vn 0.235702246427536 0.235702246427536 0.942808985710144
vn 0 -0.7071067690849304 0.7071067690849304
vn 0.1373855024576187 0.7004017233848572 0.7004017233848572

g grp129
usemtl mtl129
l 129 130 
l 131 132 
l 130 133 
l 134 135 
l 135 129 
l 132 136 
l 133 131 
l 136 134 
v -1850 0 8580
v -1850 0 8600
v 1850 0 8600
v 1850 0 8580
v 0 0 8580
v -1850 0 8620
v 0 0 8620
v 1850 0 8620
vn -0.7004017233848572 -0.1373855024576187 -0.7004017233848572
vn -0.942808985710144 -0.235702246427536 -0.235702246427536
vn 0.942808985710144 0.235702246427536 0.235702246427536
vn 0.7071067690849304 0 -0.7071067690849304
vn -0.235702246427536 -0.235702246427536 -0.942808985710144
vn -0.7071067690849304 0 0.7071067690849304
vn 0.235702246427536 0.235702246427536 0.942808985710144
vn 0.7004017233848572 0.1373855024576187 0.7004017233848572

g grp137
usemtl mtl137
l 137 138 
l 139 140 
l 141 137 
l 142 143 
l 138 142 
l 144 139 
l 140 141 
l 143 144 

g grp145
usemtl mtl145
v -1850 -500 8580
v -1850 -500 8620
v -1850 500 8620
v -1850 500 8580
v 1850 -500 8580
v 1850 500 8580
v 1850 500 8620
v 1850 -500 8620
vn -0.5773503184318542 -0.5773503184318542 -0.5773503184318542
vn -0.6666666865348816 -0.6666666865348816 0.3333333432674408
vn -0.3333333432674408 0.6666666865348816 0.6666666865348816
vn -0.6666666865348816 0.3333333432674408 -0.6666666865348816
vn 0.3333333432674408 -0.6666666865348816 -0.6666666865348816
vn 0.6666666865348816 0.6666666865348816 -0.3333333432674408
vn 0.5773503184318542 0.5773503184318542 0.5773503184318542
vn 0.6666666865348816 -0.3333333432674408 0.6666666865348816

g grp145
usemtl mtl145
f 146//146 148//148 145//145 
f 150//150 152//152 149//149 
f 149//149 146//146 145//145 
f 147//147 150//150 148//148 
f 148//148 149//149 145//145 
f 152//152 147//147 146//146 
f 148//148 146//146 147//147 
f 152//152 150//150 151//151 
f 146//146 149//149 152//152 
f 150//150 147//147 151//151 
f 149//149 148//148 150//150 
f 147//147 152//152 151//151 
v 0 -750.1142578125 9000.1748046875
v 0 -750.1142578125 8980
v 0 750.1142578125 8980
v 0 750.1142578125 8999.8251953125
v 0 0 8980
v 0 0 9020
v 0 -750.1142578125 9020
v 0 750.1142578125 9020
vn -0.22537386417388916 -0.9468506574630737 -0.2295222133398056
vn -0.12962141633033752 -0.7023249268531799 -0.6999557018280029
vn -0.004149287939071655 0.7091724276542664 -0.7050228714942932
vn 0.22537386417388916 0.9468506574630737 0.2295222133398056
vn -0.23155276477336884 -0.23977993428707123 -0.942808985710144
vn 0.23155276477336884 0.23977993428707123 0.942808985710144
vn 0.004149287939071655 -0.7091724276542664 0.7050228714942932
vn 0.12962141633033752 0.7023249268531799 0.6999557018280029

g grp153
usemtl mtl153
l 153 154 
l 155 156 
l 154 157 
l 158 159 
l 159 153 
l 156 160 
l 157 155 
l 160 158 
v -1500.228515625 -1.1368683772161603e-13 8980
v -1500.228515625 -1.1368683772161603e-13 8999.3017578125
v 1500.228515625 0 9000.6982421875
v 1500.228515625 0 8980
v 0 0 8980
v -1500.228515625 -1.1368683772161603e-13 9020
v 0 0 9020
v 1500.228515625 0 9020
vn -0.6998507380485535 -0.13170066475868225 -0.7020426988601685
vn -0.9384110569953918 -0.2273007184267044 -0.2602289319038391
vn 0.9384110569953918 0.2273007184267044 0.2602289319038391
vn 0.6989206671714783 -0.020698901265859604 -0.7148997187614441
vn -0.23155276477336884 -0.23977993428707123 -0.942808985710144
vn -0.6989206671714783 0.020698901265859604 0.7148997187614441
vn 0.23155276477336884 0.23977993428707123 0.942808985710144
vn 0.6998507380485535 0.13170066475868225 0.7020426988601685

g grp161
usemtl mtl161
l 161 162 
l 163 164 
l 165 161 
l 166 167 
l 162 166 
l 168 163 
l 164 165 
l 167 168 

g grp169
usemtl mtl169
v -1486.6822509765625 -776.0643920898438 8980
v -1486.6822509765625 -776.0643920898438 9020
v -1512.86083984375 723.7071533203125 9020
v -1512.86083984375 723.7071533203125 8980
v 1512.86083984375 -723.7071533203125 8980
v 1486.6822509765625 776.0643920898438 8980
v 1486.6822509765625 776.0643920898438 9020
v 1512.86083984375 -723.7071533203125 9020
vn -0.5671862363815308 -0.5873385071754456 -0.5773503184318542
vn -0.6549302339553833 -0.6782000660896301 0.3333333432674408
vn -0.34491750597953796 0.6607477068901062 0.6666666865348816
vn -0.6723825931549072 0.32164764404296875 -0.6666666865348816
vn 0.34491750597953796 -0.6607477068901062 -0.6666666865348816
vn 0.6549302339553833 0.6782000660896301 -0.3333333432674408
vn 0.5671862363815308 0.5873385071754456 0.5773503184318542
vn 0.6723825931549072 -0.32164764404296875 0.6666666865348816

g grp169
usemtl mtl169
f 170//170 172//172 169//169 
f 174//174 176//176 173//173 
f 173//173 170//170 169//169 
f 171//171 174//174 172//172 
f 172//172 173//173 169//169 
f 176//176 171//171 170//170 
f 172//172 170//170 171//171 
f 176//176 174//174 175//175 
f 170//170 173//173 176//176 
f 174//174 171//171 175//175 
f 173//173 172//172 174//174 
f 171//171 176//176 175//175 
v 0 -500 9100
v 0 -500 9080
v 0 500 9080
v 0 500 9100
v 0 0 9080
v 0 0 9120
v 0 -500 9120
v 0 500 9120
vn -0.235702246427536 -0.942808985710144 -0.235702246427536
vn -0.1373855024576187 -0.7004017233848572 -0.7004017233848572
vn 0 0.7071067690849304 -0.7071067690849304
vn 0.235702246427536 0.942808985710144 0.235702246427536
vn -0.235702246427536 -0.235702246427536 -0.942808985710144
vn 0.235702246427536 0.235702246427536 0.942808985710144
vn 0 -0.7071067690849304 0.7071067690849304
vn 0.1373855024576187 0.7004017233848572 0.7004017233848572

g grp177
usemtl mtl177
l 177 178 
l 179 180 
l 178 181 
l 182 183 
l 183 177 
l 180 184 
l 181 179 
l 184 182 
v -1850 0 9080
v -1850 0 9100
v 1850 0 9100
v 1850 0 9080
v 0 0 9080
v -1850 0 9120
v 0 0 9120
v 1850 0 9120
vn -0.7004017233848572 -0.1373855024576187 -0.7004017233848572
vn -0.942808985710144 -0.235702246427536 -0.235702246427536
vn 0.942808985710144 0.235702246427536 0.235702246427536
vn 0.7071067690849304 0 -0.7071067690849304
vn -0.235702246427536 -0.235702246427536 -0.942808985710144
vn -0.7071067690849304 0 0.7071067690849304
vn 0.235702246427536 0.235702246427536 0.942808985710144
vn 0.7004017233848572 0.1373855024576187 0.7004017233848572

g grp185
usemtl mtl185
l 185 186 
l 187 188 
l 189 185 
l 190 191 
l 186 190 
l 192 187 
l 188 189 
l 191 192 

g grp193
usemtl mtl193
v -1850 -500 9080
v -1850 -500 9120
v -1850 500 9120
v -1850 500 9080
v 1850 -500 9080
v 1850 500 9080
v 1850 500 9120
v 1850 -500 9120
vn -0.5773503184318542 -0.5773503184318542 -0.5773503184318542
vn -0.6666666865348816 -0.6666666865348816 0.3333333432674408
vn -0.3333333432674408 0.6666666865348816 0.6666666865348816
vn -0.6666666865348816 0.3333333432674408 -0.6666666865348816
vn 0.3333333432674408 -0.6666666865348816 -0.6666666865348816
vn 0.6666666865348816 0.6666666865348816 -0.3333333432674408
vn 0.5773503184318542 0.5773503184318542 0.5773503184318542
vn 0.6666666865348816 -0.3333333432674408 0.6666666865348816

g grp193
usemtl mtl193
f 194//194 196//196 193//193 
f 198//198 200//200 197//197 
f 197//197 194//194 193//193 
f 195//195 198//198 196//196 
f 196//196 197//197 193//193 
f 200//200 195//195 194//194 
f 196//196 194//194 195//195 
f 200//200 198//198 199//199 
f 194//194 197//197 200//200 
f 198//198 195//195 199//199 
f 197//197 196//196 198//198 
f 195//195 200//200 199//199 
v 0 -750.1142578125 9499.8251953125
v 0 -750.1142578125 9480
v 0 750.1142578125 9480
v 0 750.1142578125 9500.1748046875
v 0 0 9480
v 0 0 9520
v 0 -750.1142578125 9520
v 0 750.1142578125 9520
vn -0.2459408938884735 -0.9386237859725952 -0.24186432361602783
vn -0.1451202630996704 -0.6984071135520935 -0.7008334398269653
vn 0.004077487625181675 0.7050590515136719 -0.7091369032859802
vn 0.2459408938884735 0.9386237859725952 0.24186432361602783
vn -0.23977993428707123 -0.23155276477336884 -0.942808985710144
vn 0.23977993428707123 0.23155276477336884 0.942808985710144
vn -0.004077487625181675 -0.7050590515136719 0.7091369032859802
vn 0.1451202630996704 0.6984071135520935 0.7008334398269653

g grp201
usemtl mtl201
l 201 202 
l 203 204 
l 202 205 
l 206 207 
l 207 201 
l 204 208 
l 205 203 
l 208 206 
v -1500.228515625 0 9480
v -1500.228515625 0 9500.6982421875
v 1500.228515625 -1.1368683772161603e-13 9499.3017578125
v 1500.228515625 -1.1368683772161603e-13 9480
v 0 0 9480
v -1500.228515625 0 9520
v 0 0 9520
v 1500.228515625 -1.1368683772161603e-13 9520
vn -0.7011354565620422 -0.14304491877555847 -0.698532223701477
vn -0.9466332197189331 -0.24374507367610931 -0.2108885943889618
vn 0.9466332197189331 0.24374507367610931 0.2108885943889618
vn 0.7153648734092712 0.020411865785717964 -0.6984529495239258
vn -0.23977993428707123 -0.23155276477336884 -0.942808985710144
vn -0.7153648734092712 -0.020411865785717964 0.6984529495239258
vn 0.23977993428707123 0.23155276477336884 0.942808985710144
vn 0.7011354565620422 0.14304491877555847 0.698532223701477

g grp209
usemtl mtl209
l 209 210 
l 211 212 
l 213 209 
l 214 215 
l 210 214 
l 216 211 
l 212 213 
l 215 216 

g grp217
usemtl mtl217
v -1512.86083984375 -723.7071533203125 9480
v -1512.86083984375 -723.7071533203125 9520
v -1486.6822509765625 776.0643920898438 9520
v -1486.6822509765625 776.0643920898438 9480
v 1486.6822509765625 -776.0643920898438 9480
v 1512.86083984375 723.7071533203125 9480
v 1512.86083984375 723.7071533203125 9520
v 1486.6822509765625 -776.0643920898438 9520
vn -0.5873385071754456 -0.5671862363815308 -0.5773503184318542
vn -0.6782000660896301 -0.6549302339553833 0.3333333432674408
vn -0.32164764404296875 0.6723825931549072 0.6666666865348816
vn -0.6607477068901062 0.34491750597953796 -0.6666666865348816
vn 0.32164764404296875 -0.6723825931549072 -0.6666666865348816
vn 0.6782000660896301 0.6549302339553833 -0.3333333432674408
vn 0.5873385071754456 0.5671862363815308 0.5773503184318542
vn 0.6607477068901062 -0.34491750597953796 0.6666666865348816

g grp217
usemtl mtl217
f 218//218 220//220 217//217 
f 222//222 224//224 221//221 
f 221//221 218//218 217//217 
f 219//219 222//222 220//220 
f 220//220 221//221 217//217 
f 224//224 219//219 218//218 
f 220//220 218//218 219//219 
f 224//224 222//222 223//223 
f 218//218 221//221 224//224 
f 222//222 219//219 223//223 
f 221//221 220//220 222//222 
f 219//219 224//224 223//223 
v 0 -500 9600
v 0 -500 9580
v 0 500 9580
v 0 500 9600
v 0 0 9580
v 0 0 9620
v 0 -500 9620
v 0 500 9620
vn -0.235702246427536 -0.942808985710144 -0.235702246427536
vn -0.1373855024576187 -0.7004017233848572 -0.7004017233848572
vn 0 0.7071067690849304 -0.7071067690849304
vn 0.235702246427536 0.942808985710144 0.235702246427536
vn -0.235702246427536 -0.235702246427536 -0.942808985710144
vn 0.235702246427536 0.235702246427536 0.942808985710144
vn 0 -0.7071067690849304 0.7071067690849304
vn 0.1373855024576187 0.7004017233848572 0.7004017233848572

g grp225
usemtl mtl225
l 225 226 
l 227 228 
l 226 229 
l 230 231 
l 231 225 
l 228 232 
l 229 227 
l 232 230 
v -1850 0 9580
v -1850 0 9600
v 1850 0 9600
v 1850 0 9580
v 0 0 9580
v -1850 0 9620
v 0 0 9620
v 1850 0 9620
vn -0.7004017233848572 -0.1373855024576187 -0.7004017233848572
vn -0.942808985710144 -0.235702246427536 -0.235702246427536
vn 0.942808985710144 0.235702246427536 0.235702246427536
vn 0.7071067690849304 0 -0.7071067690849304
vn -0.235702246427536 -0.235702246427536 -0.942808985710144
vn -0.7071067690849304 0 0.7071067690849304
vn 0.235702246427536 0.235702246427536 0.942808985710144
vn 0.7004017233848572 0.1373855024576187 0.7004017233848572

g grp233
usemtl mtl233
l 233 234 
l 235 236 
l 237 233 
l 238 239 
l 234 238 
l 240 235 
l 236 237 
l 239 240 

g grp241
usemtl mtl241
v -1850 -500 9580
v -1850 -500 9620
v -1850 500 9620
v -1850 500 9580
v 1850 -500 9580
v 1850 500 9580
v 1850 500 9620
v 1850 -500 9620
vn -0.5773503184318542 -0.5773503184318542 -0.5773503184318542
vn -0.6666666865348816 -0.6666666865348816 0.3333333432674408
vn -0.3333333432674408 0.6666666865348816 0.6666666865348816
vn -0.6666666865348816 0.3333333432674408 -0.6666666865348816
vn 0.3333333432674408 -0.6666666865348816 -0.6666666865348816
vn 0.6666666865348816 0.6666666865348816 -0.3333333432674408
vn 0.5773503184318542 0.5773503184318542 0.5773503184318542
vn 0.6666666865348816 -0.3333333432674408 0.6666666865348816

g grp241
usemtl mtl241
f 242//242 244//244 241//241 
f 246//246 248//248 245//245 
f 245//245 242//242 241//241 
f 243//243 246//246 244//244 
f 244//244 245//245 241//241 
f 248//248 243//243 242//242 
f 244//244 242//242 243//243 
f 248//248 246//246 247//247 
f 242//242 245//245 248//248 
f 246//246 243//243 247//247 
f 245//245 244//244 246//246 
f 243//243 248//248 247//247 
v 0 -750.1142578125 10000.1748046875
v 0 -750.1142578125 9980
v 0 750.1142578125 9980
v 0 750.1142578125 9999.8251953125
v 0 0 9980
v 0 0 10020
v 0 -750.1142578125 10020
v 0 750.1142578125 10020
vn -0.22537386417388916 -0.9468506574630737 -0.2295222133398056
vn -0.12962141633033752 -0.7023249268531799 -0.6999557018280029
vn -0.004149287939071655 0.7091724276542664 -0.7050228714942932
vn 0.22537386417388916 0.9468506574630737 0.2295222133398056
vn -0.23155276477336884 -0.23977993428707123 -0.942808985710144
vn 0.23155276477336884 0.23977993428707123 0.942808985710144
vn 0.004149287939071655 -0.7091724276542664 0.7050228714942932
vn 0.12962141633033752 0.7023249268531799 0.6999557018280029

g grp249
usemtl mtl249
l 249 250 
l 251 252 
l 250 253 
l 254 255 
l 255 249 
l 252 256 
l 253 251 
l 256 254 
v -1500.228515625 -1.1368683772161603e-13 9980
v -1500.228515625 -1.1368683772161603e-13 9999.3017578125
v 1500.228515625 0 10000.6982421875
v 1500.228515625 0 9980
v 0 0 9980
v -1500.228515625 -1.1368683772161603e-13 10020
v 0 0 10020
v 1500.228515625 0 10020
vn -0.6998507380485535 -0.13170066475868225 -0.7020426988601685
vn -0.9384110569953918 -0.2273007184267044 -0.2602289319038391
vn 0.9384110569953918 0.2273007184267044 0.2602289319038391
vn 0.6989206671714783 -0.020698901265859604 -0.7148997187614441
vn -0.23155276477336884 -0.23977993428707123 -0.942808985710144
vn -0.6989206671714783 0.020698901265859604 0.7148997187614441
vn 0.23155276477336884 0.23977993428707123 0.942808985710144
vn 0.6998507380485535 0.13170066475868225 0.7020426988601685

g grp257
usemtl mtl257
l 257 258 
l 259 260 
l 261 257 
l 262 263 
l 258 262 
l 264 259 
l 260 261 
l 263 264 

g grp265
usemtl mtl265
v -1486.6822509765625 -776.0643920898438 9980
v -1486.6822509765625 -776.0643920898438 10020
v -1512.86083984375 723.7071533203125 10020
v -1512.86083984375 723.7071533203125 9980
v 1512.86083984375 -723.7071533203125 9980
v 1486.6822509765625 776.0643920898438 9980
v 1486.6822509765625 776.0643920898438 10020
v 1512.86083984375 -723.7071533203125 10020
vn -0.5671862363815308 -0.5873385071754456 -0.5773503184318542
vn -0.6549302339553833 -0.6782000660896301 0.3333333432674408
vn -0.34491750597953796 0.6607477068901062 0.6666666865348816
vn -0.6723825931549072 0.32164764404296875 -0.6666666865348816
vn 0.34491750597953796 -0.6607477068901062 -0.6666666865348816
vn 0.6549302339553833 0.6782000660896301 -0.3333333432674408
vn 0.5671862363815308 0.5873385071754456 0.5773503184318542
vn 0.6723825931549072 -0.32164764404296875 0.6666666865348816

g grp265
usemtl mtl265
f 266//266 268//268 265//265 
f 270//270 272//272 269//269 
f 269//269 266//266 265//265 
f 267//267 270//270 268//268 
f 268//268 269//269 265//265 
f 272//272 267//267 266//266 
f 268//268 266//266 267//267 
f 272//272 270//270 271//271 
f 266//266 269//269 272//272 
f 270//270 267//267 271//271 
f 269//269 268//268 270//270 
f 267//267 272//272 271//271 
v 0 -500 10100
v 0 -500 10080
v 0 500 10080
v 0 500 10100
v 0 0 10080
v 0 0 10120
v 0 -500 10120
v 0 500 10120
vn -0.235702246427536 -0.942808985710144 -0.235702246427536
vn -0.1373855024576187 -0.7004017233848572 -0.7004017233848572
vn 0 0.7071067690849304 -0.7071067690849304
vn 0.235702246427536 0.942808985710144 0.235702246427536
vn -0.235702246427536 -0.235702246427536 -0.942808985710144
vn 0.235702246427536 0.235702246427536 0.942808985710144
vn 0 -0.7071067690849304 0.7071067690849304
vn 0.1373855024576187 0.7004017233848572 0.7004017233848572

g grp273
usemtl mtl273
l 273 274 
l 275 276 
l 274 277 
l 278 279 
l 279 273 
l 276 280 
l 277 275 
l 280 278 
v -1850 0 10080
v -1850 0 10100
v 1850 0 10100
v 1850 0 10080
v 0 0 10080
v -1850 0 10120
v 0 0 10120
v 1850 0 10120
vn -0.7004017233848572 -0.1373855024576187 -0.7004017233848572
vn -0.942808985710144 -0.235702246427536 -0.235702246427536
vn 0.942808985710144 0.235702246427536 0.235702246427536
vn 0.7071067690849304 0 -0.7071067690849304
vn -0.235702246427536 -0.235702246427536 -0.942808985710144
vn -0.7071067690849304 0 0.7071067690849304
vn 0.235702246427536 0.235702246427536 0.942808985710144
vn 0.7004017233848572 0.1373855024576187 0.7004017233848572

g grp281
usemtl mtl281
l 281 282 
l 283 284 
l 285 281 
l 286 287 
l 282 286 
l 288 283 
l 284 285 
l 287 288 

g grp289
usemtl mtl289
v -1850 -500 10080
v -1850 -500 10120
v -1850 500 10120
v -1850 500 10080
v 1850 -500 10080
v 1850 500 10080
v 1850 500 10120
v 1850 -500 10120
vn -0.5773503184318542 -0.5773503184318542 -0.5773503184318542
vn -0.6666666865348816 -0.6666666865348816 0.3333333432674408
vn -0.3333333432674408 0.6666666865348816 0.6666666865348816
vn -0.6666666865348816 0.3333333432674408 -0.6666666865348816
vn 0.3333333432674408 -0.6666666865348816 -0.6666666865348816
vn 0.6666666865348816 0.6666666865348816 -0.3333333432674408
vn 0.5773503184318542 0.5773503184318542 0.5773503184318542
vn 0.6666666865348816 -0.3333333432674408 0.6666666865348816

g grp289
usemtl mtl289
f 290//290 292//292 289//289 
f 294//294 296//296 293//293 
f 293//293 290//290 289//289 
f 291//291 294//294 292//292 
f 292//292 293//293 289//289 
f 296//296 291//291 290//290 
f 292//292 290//290 291//291 
f 296//296 294//294 295//295 
f 290//290 293//293 296//296 
f 294//294 291//291 295//295 
f 293//293 292//292 294//294 
f 291//291 296//296 295//295 
v 2.2737367544323206e-13 -750.1142578125 18499.849609375
v 2.2737367544323206e-13 -750.1142578125 18480
v 0 750.1142578125 18480
v 0 750.1142578125 18500.150390625
v 0 0 18480
v 0 0 18520
v 2.2737367544323206e-13 -750.1142578125 18520
v 0 750.1142578125 18520
vn -0.24682484567165375 -0.9386179447174072 -0.2409852147102356
vn -0.1457587331533432 -0.6983351707458496 -0.7007727026939392
vn 0.005257929675281048 0.7053394317626953 -0.7088501453399658
vn 0.24682484567165375 0.9386179447174072 0.2409852147102356
vn -0.23977993428707123 -0.23155276477336884 -0.942808985710144
vn 0.23977993428707123 0.23155276477336884 0.942808985710144
vn -0.005257929675281048 -0.7053394317626953 0.7088501453399658
vn 0.1457587331533432 0.6983351707458496 0.7007727026939392

g grp297
usemtl mtl297
l 297 298 
l 299 300 
l 298 301 
l 302 303 
l 303 297 
l 300 304 
l 301 299 
l 304 302 
v -1750.2666015625 0 18480
v -1750.2666015625 0 18500.814453125
v 1750.2666015625 0 18499.185546875
v 1750.2666015625 0 18480
v 0 0 18480
v -1750.2666015625 0 18520
v 0 0 18520
v 1750.2666015625 0 18520
vn -0.700853705406189 -0.1460237354040146 -0.6981985569000244
vn -0.9464969635009766 -0.24780164659023285 -0.20673148334026337
vn 0.9464969635009766 0.24780164659023285 0.20673148334026337
vn 0.7166734337806702 0.025863679125905037 -0.6969291567802429
vn -0.23977993428707123 -0.23155276477336884 -0.942808985710144
vn -0.7166734337806702 -0.025863679125905037 0.6969291567802429
vn 0.23977993428707123 0.23155276477336884 0.942808985710144
vn 0.700853705406189 0.1460237354040146 0.6981985569000244

g grp305
usemtl mtl305
l 305 306 
l 307 308 
l 309 305 
l 310 311 
l 306 310 
l 312 307 
l 308 309 
l 311 312 

g grp313
usemtl mtl313
v -1762.82275390625 -719.3440551757812 18480
v -1762.82275390625 -719.3440551757812 18520
v -1736.6441650390625 780.427490234375 18520
v -1736.6441650390625 780.427490234375 18480
v 1736.6441650390625 -780.427490234375 18480
v 1762.82275390625 719.3440551757812 18480
v 1762.82275390625 719.3440551757812 18520
v 1736.6441650390625 -780.427490234375 18520
vn -0.5873385071754456 -0.5671862363815308 -0.5773503184318542
vn -0.6782000660896301 -0.6549302339553833 0.3333333432674408
vn -0.32164764404296875 0.6723825931549072 0.6666666865348816
vn -0.6607477068901062 0.34491750597953796 -0.6666666865348816
vn 0.32164764404296875 -0.6723825931549072 -0.6666666865348816
vn 0.6782000660896301 0.6549302339553833 -0.3333333432674408
vn 0.5873385071754456 0.5671862363815308 0.5773503184318542
vn 0.6607477068901062 -0.34491750597953796 0.6666666865348816

g grp313
usemtl mtl313
f 314//314 316//316 313//313 
f 318//318 320//320 317//317 
f 317//317 314//314 313//313 
f 315//315 318//318 316//316 
f 316//316 317//317 313//313 
f 320//320 315//315 314//314 
f 316//316 314//314 315//315 
f 320//320 318//318 319//319 
f 314//314 317//317 320//320 
f 318//318 315//315 319//319 
f 317//317 316//316 318//318 
f 315//315 320//320 319//319 
v 0 -500 18600
v 0 -500 18580
v 0 500 18580
v 0 500 18600
v 0 0 18580
v 0 0 18620
v 0 -500 18620
v 0 500 18620
vn -0.235702246427536 -0.942808985710144 -0.235702246427536
vn -0.1373855024576187 -0.7004017233848572 -0.7004017233848572
vn 0 0.7071067690849304 -0.7071067690849304
vn 0.235702246427536 0.942808985710144 0.235702246427536
vn -0.235702246427536 -0.235702246427536 -0.942808985710144
vn 0.235702246427536 0.235702246427536 0.942808985710144
vn 0 -0.7071067690849304 0.7071067690849304
vn 0.1373855024576187 0.7004017233848572 0.7004017233848572

g grp321
usemtl mtl321
l 321 322 
l 323 324 
l 322 325 
l 326 327 
l 327 321 
l 324 328 
l 325 323 
l 328 326 
v -1850 0 18580
v -1850 0 18600
v 1850 0 18600
v 1850 0 18580
v 0 0 18580
v -1850 0 18620
v 0 0 18620
v 1850 0 18620
vn -0.7004017233848572 -0.1373855024576187 -0.7004017233848572
vn -0.942808985710144 -0.235702246427536 -0.235702246427536
vn 0.942808985710144 0.235702246427536 0.235702246427536
vn 0.7071067690849304 0 -0.7071067690849304
vn -0.235702246427536 -0.235702246427536 -0.942808985710144
vn -0.7071067690849304 0 0.7071067690849304
vn 0.235702246427536 0.235702246427536 0.942808985710144
vn 0.7004017233848572 0.1373855024576187 0.7004017233848572

g grp329
usemtl mtl329
l 329 330 
l 331 332 
l 333 329 
l 334 335 
l 330 334 
l 336 331 
l 332 333 
l 335 336 

g grp337
usemtl mtl337
v -1850 -500 18580
v -1850 -500 18620
v -1850 500 18620
v -1850 500 18580
v 1850 -500 18580
v 1850 500 18580
v 1850 500 18620
v 1850 -500 18620
vn -0.5773503184318542 -0.5773503184318542 -0.5773503184318542
vn -0.6666666865348816 -0.6666666865348816 0.3333333432674408
vn -0.3333333432674408 0.6666666865348816 0.6666666865348816
vn -0.6666666865348816 0.3333333432674408 -0.6666666865348816
vn 0.3333333432674408 -0.6666666865348816 -0.6666666865348816
vn 0.6666666865348816 0.6666666865348816 -0.3333333432674408
vn 0.5773503184318542 0.5773503184318542 0.5773503184318542
vn 0.6666666865348816 -0.3333333432674408 0.6666666865348816

g grp337
usemtl mtl337
f 338//338 340//340 337//337 
f 342//342 344//344 341//341 
f 341//341 338//338 337//337 
f 339//339 342//342 340//340 
f 340//340 341//341 337//337 
f 344//344 339//339 338//338 
f 340//340 338//338 339//339 
f 344//344 342//342 343//343 
f 338//338 341//341 344//344 
f 342//342 339//339 343//343 
f 341//341 340//340 342//342 
f 339//339 344//344 343//343 
v 0 -750.1142578125 19000.150390625
v 0 -750.1142578125 18980
v 2.2737367544323206e-13 750.1142578125 18980
v 2.2737367544323206e-13 750.1142578125 18999.849609375
v 0 0 18980
v 0 0 19020
v 0 -750.1142578125 19020
v 2.2737367544323206e-13 750.1142578125 19020
vn -0.22449468076229095 -0.9468448162078857 -0.23040612041950226
vn -0.12898151576519012 -0.7023783326148987 -0.7000203132629395
vn -0.005319473333656788 0.708865225315094 -0.7053237557411194
vn 0.22449468076229095 0.9468448162078857 0.23040612041950226
vn -0.23155276477336884 -0.23977993428707123 -0.942808985710144
vn 0.23155276477336884 0.23977993428707123 0.942808985710144
vn 0.005319473333656788 -0.708865225315094 0.7053237557411194
vn 0.12898151576519012 0.7023783326148987 0.7000203132629395

g grp345
usemtl mtl345
l 345 346 
l 347 348 
l 346 349 
l 350 351 
l 351 345 
l 348 352 
l 349 347 
l 352 350 
v -1750.2666015625 0 18980
v -1750.2666015625 0 18999.185546875
v 1750.2666015625 0 19000.814453125
v 1750.2666015625 0 18980
v 0 0 18980
v -1750.2666015625 0 19020
v 0 0 19020
v 1750.2666015625 0 19020
vn -0.7001540064811707 -0.1287158876657486 -0.7022937536239624
vn -0.9382766485214233 -0.2231406271457672 -0.2642825245857239
vn 0.9382766485214233 0.2231406271457672 0.2642825245857239
vn 0.6974926590919495 -0.026198482140898705 -0.7161128520965576
vn -0.23155276477336884 -0.23977993428707123 -0.942808985710144
vn -0.6974926590919495 0.026198482140898705 0.7161128520965576
vn 0.23155276477336884 0.23977993428707123 0.942808985710144
vn 0.7001540064811707 0.1287158876657486 0.7022937536239624

g grp353
usemtl mtl353
l 353 354 
l 355 356 
l 357 353 
l 358 359 
l 354 358 
l 360 355 
l 356 357 
l 359 360 

g grp361
usemtl mtl361
v -1736.6441650390625 -780.427490234375 18980
v -1736.6441650390625 -780.427490234375 19020
v -1762.82275390625 719.3440551757812 19020
v -1762.82275390625 719.3440551757812 18980
v 1762.82275390625 -719.3440551757812 18980
v 1736.6441650390625 780.427490234375 18980
v 1736.6441650390625 780.427490234375 19020
v 1762.82275390625 -719.3440551757812 19020
vn -0.5671862363815308 -0.5873385071754456 -0.5773503184318542
vn -0.6549302339553833 -0.6782000660896301 0.3333333432674408
vn -0.34491750597953796 0.6607477068901062 0.6666666865348816
vn -0.6723825931549072 0.32164764404296875 -0.6666666865348816
vn 0.34491750597953796 -0.6607477068901062 -0.6666666865348816
vn 0.6549302339553833 0.6782000660896301 -0.3333333432674408
vn 0.5671862363815308 0.5873385071754456 0.5773503184318542
vn 0.6723825931549072 -0.32164764404296875 0.6666666865348816

g grp361
usemtl mtl361
f 362//362 364//364 361//361 
f 366//366 368//368 365//365 
f 365//365 362//362 361//361 
f 363//363 366//366 364//364 
f 364//364 365//365 361//361 
f 368//368 363//363 362//362 
f 364//364 362//362 363//363 
f 368//368 366//366 367//367 
f 362//362 365//365 368//368 
f 366//366 363//363 367//367 
